5 1000000000 1000
0 11269865 866106446 866290418 1000000000
714408290
505441005
920080754
823407676
687526912
360346882
526579653
127353982
654337356
44650475
708169493
992894196
148341055
841651874
876500616
374170721
914661272
453326109
922422162
714414953
423814485
515508261
253658028
31753855
563512872
3219811
144240188
729195715
997725998
288873954
991106366
806969021
215391518
408268210
18627236
982025076
66434974
654242445
681818092
115629028
201791261
346369838
691424751
514670309
43682449
237505286
29068253
631283757
199092064
149905896
249495536
68977852
420579377
162142835
370144130
239673395
123886276
495651048
7888494
859301367
108893739
711435225
290963685
757299839
402407828
781532825
135850229
857697061
661939098
86217624
48916500
894112763
277490076
565797846
793773892
580304009
398457908
238795133
518991789
893933492
335245392
891053389
758145502
54598732
51848984
896368549
150339759
713265461
552141414
264236944
105330733
441515366
646478789
725462206
204623632
331098055
511678706
617110191
842362445
788964707
457905596
836311685
642615839
57543393
935817444
987800501
885136837
906600739
35231191
941576136
63788274
243486811
433046124
511634754
602762800
861956306
869906016
531515524
940495942
412068397
432843887
57764109
374650289
508463087
331496775
775435526
148458044
651508844
472598558
937748878
760456220
831663001
816543133
101496530
640439761
357786476
35283982
520141629
789287834
152224731
771766657
346626258
684218594
325384710
514021236
555582551
82712926
118652360
964826225
79442150
258342137
911964524
99098279
862331624
507726968
849021107
498511755
165531824
123807952
754069200
832748796
173413511
330245589
256520219
810893767
785270314
148797392
45716120
77194949
280922610
137265612
23419377
128410843
524851827
218333597
427424279
126215843
707500960
956606734
217196454
854670488
208192533
366928127
680744462
333312610
229480987
420375656
82091749
413983718
532477922
892991087
989300124
560122652
722645539
617186823
500441680
17246145
980225815
188180729
242029645
830995949
281934738
369735170
137103120
718574970
54007510
341535232
271491997
43123415
781675772
137929030
453557235
797952496
321786495
389456603
41624322
551814161
499010145
890353355
632391716
431514341
38256605
182657700
979345852
544704007
663129731
661085823
440738812
764396418
682874024
41995224
138386154
301129221
421581675
861561069
107797114
60913011
817185726
113682719
295970081
744365753
865295580
856154155
867255130
106190990
196909872
429978056
534290100
59485714
552516557
102537343
741714020
77767689
511996374
637741756
467460729
437518513
880534933
155938522
511220220
114076264
991721468
810199392
264070033
139932236
17595759
37902095
957132900
487761097
162252154
295508604
59456644
915485183
494125008
74011708
881680498
744138482
83189736
792304124
284119746
265805951
590251350
915735513
611670301
322764116
688026690
605651583
328767610
977084660
165243351
859126440
747736471
79434324
52835132
212118284
552318445
408040608
442049567
870216006
895010717
367057893
738279064
98390954
918905011
575324231
229299455
289255262
252210784
676553205
691999851
680003255
444213989
386169572
3883938
626982870
243377523
162791376
100104276
411229749
316638473
353205881
273486160
114927609
491885560
295785126
787606890
364339180
303944773
897691914
621331230
771433997
637890849
29906122
410656423
561426717
358561942
485064062
331897976
395527756
39537095
258768113
120425006
881758574
898406579
614902565
500586145
392285585
636006567
146541715
39362711
326107469
838899528
794230700
337883083
842784174
213341414
601083319
26515889
705264394
167612670
705145625
323640943
646922952
221405387
84693122
421790597
898805791
88815334
846161204
41829063
827692842
734568544
28549968
786689627
102749485
552109187
154477728
94340873
155669366
77419330
404380655
214413554
691287854
226056614
927384671
732278452
920172653
673686141
267632754
788293584
18062829
258218129
387405619
454250980
345764204
115479181
678260836
399757613
555170937
941789267
602141852
892472639
337981129
739709430
418672480
319667995
132864395
118216975
516612130
647908893
289041976
350587504
308349329
169803903
786843876
932600030
494575434
605345095
716366536
550192914
49155412
263311535
875633849
461431810
421509676
741576235
927571585
242033617
182720305
547078131
273924278
604458405
925480414
769948056
193734785
161475048
291017299
729942052
158299266
556433454
940755095
550422912
208251371
204124339
112415238
498291991
462746889
184638683
590580884
682495419
638840217
920218974
64824750
687298571
729809321
928610815
164066549
295743022
808103855
64284050
619815503
483697430
374031710
975877770
937989438
784907359
688907471
769204253
466021728
154532937
93347544
583972949
976812682
174503289
768736701
978953705
421297493
308601585
314485395
7047989
70185569
276952458
453106918
532214186
328229228
998742204
532705940
615794173
662616346
540588172
997804632
112782260
117836355
363551007
548796166
50761391
84080113
43368268
344817833
712881090
564048187
876456281
62361346
386685229
957675548
491207235
33799377
501606112
1843148
139303176
57601646
788695024
138566131
917689000
556720794
102602145
509614986
563831188
869249890
671480246
438173958
722246513
661837937
666385996
443644289
500559607
63781630
131785222
291082497
324344726
790536192
50908224
799074020
724118033
158564277
618177951
435807259
972369203
164098066
491825928
252302276
806509245
142547948
879062734
626646905
134460092
266185490
777757835
4100558
784349202
121086517
847443305
993754757
838627443
68722418
246092824
427477605
210836585
787914156
360802267
260797356
499023691
723388968
177317999
297348558
806522923
535703270
221747732
342775070
121819920
345544874
901433043
679148500
9245207
615033751
447678442
22918550
713242965
700981272
746176769
430897264
74165460
10099956
354594072
821379784
566234711
983176736
412460448
740889721
755195614
45894665
753793889
337212111
818190683
253760792
297271067
789110662
833836510
882238561
722492971
392425441
551258559
824425193
467634715
372746735
554033133
740290073
609227226
83891536
186907369
864994119
981335924
502074864
456745495
121339669
371083120
13830677
446396467
948259559
870444700
109717235
20457896
809946732
30430910
760285441
869341488
919285287
858283462
63540121
529350955
220737982
15026038
806632821
954218991
744812336
725875232
860683448
527902763
67607568
635362212
32116361
143542789
717277260
702198185
658932358
299032599
157195398
569476338
234269014
96963710
693260624
386471674
281479062
153880419
219308737
955786247
687093284
557741495
614657079
888169213
773859514
530320582
880407454
264613915
28049908
618548661
486947915
655698277
83693988
821172830
122451344
440087371
254907902
235061195
197650212
303969799
231639313
152608040
464880819
187026872
622160455
313595476
664341081
215128524
365773171
980212754
455568580
545846860
354645610
395876665
758752253
257527792
386939978
81599844
985001567
404829451
113819881
523697670
260863257
401728347
366768839
6578754
105774166
672108647
292661168
491891170
803209
410513293
713830234
187417007
615674516
97124657
897326955
987482423
108349249
692784511
129215155
913212145
499276005
140212913
222595495
72972736
259100924
440813350
948342413
60259660
260508721
865241807
118903385
713344911
959313704
847360879
570401010
362527293
500085250
713596069
249969392
387621775
144745487
165258320
876939455
41755525
81622917
794654927
856980737
553135901
95958333
117212676
636425010
9219943
34943101
962902829
537036736
145386163
762625770
413105973
420294282
49711484
425638057
580668664
439005462
791708847
804506691
933230182
727521754
83958394
904843140
395878415
336253395
173019316
623207545
920745858
202430871
750609717
147367358
969259848
488366684
856821510
529722859
894864735
509908946
426051753
673793974
334168706
60891257
841987767
582942727
68075021
18457266
21269153
386025957
878905707
199711799
781175631
12868115
883452885
407655325
885668196
16854324
484054803
820115082
272261958
864510557
878401269
766930528
146120208
876892899
466308681
341753736
178174546
520990183
898289962
360819773
716436724
963201999
463276804
12696632
766205364
691622579
911819074
365585183
874890362
865299257
290409246
706854510
249253970
170400949
745051201
82624372
658735356
483768630
424045088
21188268
623197354
875529839
717858436
776667707
298586493
971977374
757886817
629882393
146513143
756444825
137826547
695182204
62461580
720072907
59042312
571857987
504592863
418348550
160101760
159548831
551622450
214080354
192411873
656825509
170032717
63644381
546257886
870099330
817973028
773344240
384224533
573636594
54144084
695590924
320802166
79594829
476934639
116775669
551426340
582141957
282185154
901034683
688205258
73457607
122881721
821996657
549133487
48660483
484820854
381549794
621968204
430516280
271666742
776594704
932415613
824184565
931833771
364927836
259080106
144283703
245075949
841306505
836124988
700904701
520974270
743523595
398687661
67618784
874729881
681226029
571362645
561179240
113959609
230820377
195308669
898896909
480025245
712280180
101968812
927694839
933816936
129191489
272234468
173355892
355159052
411067251
728593381
177772295
806086
687734366
639985679
221580790
188040268
585769731
739088015
208411897
21279087
442370021
761679391
281221023
360860924
994343537
98602424
927126574
166999431
813314420
863513276
296509237
521238483
417536941
348374291
219924043
418416696
715473997
780358849
300049418
885924090
842915454
855150532
668256992
332627455
955509913
324255573
615355512
720040271
125451517
659621006
779902851
514530933
927898435
857668350
107732170
874493099
83172215
44255773
236692911
951556194
105122627
774049272
189588960
890555872
542218134
285025403
818066134
420677387
379584354
592971261
168025560
413774336
761674530
369242070
985891428
77636135
112086793
731873885
979584293
596899953
815622666
352315576
969142777
497679626
427522459
865682480
990862012
433096643
238413635
480340591
